# MEGA DIFFICULT: 16 vertices, maximum practical for exact algorithm
# Expected time: 2-10 minutes (depending on hardware)
# 13 Steiner vertices = 8192 subsets to test
16
0,6,12
1,2,3,4,5,7,8,9,10,11,13,14,15
0 1 12
0 2 18
0 3 15
0 4 10
0 5 14
0 7 16
1 2 8
1 3 13
1 4 11
1 5 9
1 6 7
1 8 15
2 3 6
2 4 16
2 5 12
2 6 10
2 9 14
3 4 8
3 5 11
3 7 13
3 10 15
4 5 7
4 6 12
4 8 10
4 11 14
5 6 5
5 7 9
5 8 11
5 13 16
6 7 4
6 9 8
6 10 12
6 14 15
7 8 6
7 9 10
7 11 8
7 12 11
8 9 5
8 10 7
8 12 9
8 13 12
9 10 4
9 11 7
9 13 10
9 15 13
10 11 6
10 12 8
10 14 11
10 15 14
11 12 5
11 13 9
11 14 7
11 15 10
12 13 6
12 14 8
12 15 9
13 14 4
13 15 7
14 15 5
