# ULTRA HARD INSTANCE: Designed to take ~24 hours for exact solver
# 25 vertices, 3 terminals, 22 Steiner vertices = 4,194,304 subsets
# Estimated exact time: 20-30 hours on modern hardware
# Approximation should solve in < 1 second
25
0,12,24
1,2,3,4,5,6,7,8,9,10,11,13,14,15,16,17,18,19,20,21,22,23
# Dense connectivity to maximize subset enumeration complexity
0 1 15
0 2 18
0 3 12
0 4 20
0 5 14
0 6 16
0 7 19
0 8 13
0 9 17
0 10 11
0 11 22
0 13 25
0 14 21
0 15 18
0 16 23
0 17 16
0 18 20
0 19 14
0 20 19
0 21 17
0 22 15
0 23 12
1 2 8
1 3 14
1 4 10
1 5 16
1 6 12
1 7 18
1 8 9
1 9 15
1 10 13
1 11 20
1 12 25
1 13 17
1 14 19
1 15 11
1 16 22
1 17 14
1 18 16
1 19 18
1 20 12
1 21 15
1 22 13
1 23 19
1 24 28
2 3 6
2 4 12
2 5 14
2 6 10
2 7 16
2 8 7
2 9 13
2 10 11
2 11 18
2 12 20
2 13 15
2 14 17
2 15 9
2 16 20
2 17 12
2 18 14
2 19 16
2 20 10
2 21 13
2 22 11
2 23 17
2 24 22
3 4 8
3 5 12
3 6 14
3 7 10
3 8 11
3 9 15
3 10 9
3 11 16
3 12 18
3 13 13
3 14 15
3 15 7
3 16 18
3 17 10
3 18 12
3 19 14
3 20 8
3 21 11
3 22 9
3 23 15
3 24 20
4 5 6
4 6 12
4 7 14
4 8 8
4 9 12
4 10 10
4 11 14
4 12 16
4 13 11
4 14 13
4 15 5
4 16 16
4 17 8
4 18 10
4 19 12
4 20 6
4 21 9
4 22 7
4 23 13
4 24 18
5 6 8
5 7 10
5 8 6
5 9 10
5 10 8
5 11 12
5 12 14
5 13 9
5 14 11
5 15 7
5 16 14
5 17 6
5 18 8
5 19 10
5 20 4
5 21 7
5 22 5
5 23 11
5 24 16
6 7 12
6 8 10
6 9 8
6 10 6
6 11 10
6 12 12
6 13 7
6 14 9
6 15 9
6 16 12
6 17 4
6 18 6
6 19 8
6 20 2
6 21 5
6 22 3
6 23 9
6 24 14
7 8 14
7 9 12
7 10 10
7 11 8
7 12 10
7 13 5
7 14 7
7 15 11
7 16 10
7 17 2
7 18 4
7 19 6
7 20 4
7 21 3
7 22 1
7 23 7
7 24 12
8 9 16
8 10 14
8 11 12
8 12 8
8 13 3
8 14 5
8 15 13
8 16 8
8 17 4
8 18 2
8 19 4
8 20 6
8 21 1
8 22 3
8 23 5
8 24 10
9 10 18
9 11 16
9 12 6
9 13 1
9 14 3
9 15 15
9 16 6
9 17 6
9 18 4
9 19 2
9 20 8
9 21 3
9 22 5
9 23 3
9 24 8
10 11 20
10 12 4
10 13 3
10 14 1
10 15 17
10 16 4
10 17 8
10 18 6
10 19 4
10 20 10
10 21 5
10 22 7
10 23 1
10 24 6
11 12 6
11 13 5
11 14 3
11 15 19
11 16 2
11 17 10
11 18 8
11 19 6
11 20 12
11 21 7
11 22 9
11 23 3
11 24 4
12 13 7
12 14 5
12 15 21
12 16 4
12 17 12
12 18 10
12 19 8
12 20 14
12 21 9
12 22 11
12 23 5
12 24 2
13 14 2
13 15 23
13 16 6
13 17 14
13 18 12
13 19 10
13 20 16
13 21 11
13 22 13
13 23 7
13 24 4
14 15 25
14 16 8
14 17 16
14 18 14
14 19 12
14 20 18
14 21 13
14 22 15
14 23 9
14 24 6
15 16 10
15 17 18
15 18 16
15 19 14
15 20 20
15 21 15
15 22 17
15 23 11
15 24 8
16 17 20
16 18 18
16 19 16
16 20 22
16 21 17
16 22 19
16 23 13
16 24 10
17 18 2
17 19 4
17 20 12
17 21 7
17 22 9
17 23 5
17 24 6
18 19 2
18 20 10
18 21 5
18 22 7
18 23 3
18 24 4
19 20 8
19 21 3
19 22 5
19 23 1
19 24 2
20 21 5
20 22 7
20 23 3
20 24 6
21 22 2
21 23 4
21 24 3
22 23 6
22 24 4
23 24 2
